Date,Description,Amount,Balance
28/08/2022,main asda,-250.00,1878.87
22/08/2022,Tesco,-75.00,1628.87
22/08/2022,Amazon site,-50.00,1703.87
20/08/2022,tfl,-500.00,1653.87
19/08/2022,tfl,-3.79,1153.87
18/08/2022,waitrose,-3.50,1157.66
16/08/2022,SAINSBURY,-13.99,1161.16
16/08/2022,tesco,-49.80,1175.15
15/08/2022,bike,-3.95,1125.35